1010101000010011
0010110100100101
1011001011000011
0011010100001010
1011001100000011
1010110001001101
1011010010111111
0011000011111001
1011001111011111
0011011011010011
0011011011000110
1011001011100011
1011000111011000
1011000010000010
0011010110110100
1011010000011011
0010010100101110
1011000000110001
1011000001101100
1010111110010010
1011001001101110
0011001010100100
1011000000000010
0011001010010001
1011011111010101
0011000011111110
1011000110100000
0011010000010100
1010110101111000
0010010011110100
0011011000000000
1011010111001111
0010111100010000
1011001100101110
0011010001101111
0011011010000010
1010111110010000
1011000110001101
0011001011100010
1011010101010011
1010101001100000
1010011011101000
1010010110001000
0010011000010011
0011010100011101
0011001010100101
0011010101011110
0011010001001100
1011001010001110
1011001000000010
1010101111101000
1010110110010100
1010111111100000
1011010010110010
1011000010011001
0011000100110110
0011001101010010
1010111111010011
1010110110100111
1011000001100011
1011001100001110
1011001011101011
0001110010110011
0010010100001111
1011010110010111
0011000000001010
0011000001001001
0011001100000111
1011010011111101
1010111001101101
1010111111101010
1011000011010011
0010111011000010
0011000011001101
1010110100101011
1011000111111100
1010011110010100
1011000001101001
1010101000011101
1000011110000000
0011000111101000
0010001001001111
1011000010010010
0011010001110011
1011010000110011
0011000100001000
0011010001000110
1010110110101000
0010101101010110
0011001110110011
0011011011001000
1011000011010001
0011011111000010
1011010011111011
1011000010101001
0011010001111110
1011011001011011
0010100111101100
1011001110111101
1011010110001110
1011000000001110
1011000010110101
1010110110110010
1010110000010100
0011001110001110
0011010101010101
0010110011011001
1010110010010111
1010111011011110
1010110011000011
0011001101001110
1010101110000010
0011001010010110
1011000010001101
1011001100000001
0011011001001010
0011000011000101
0011011001010010
1011010001111000
0011100001101000
1010100001110100
1010101111010100
0010111000000101
1001111111010100
1011001011110010
1010110010111001
1011000000111000
0010010011011010
0011000000010101
0011010101100111
1011001000011101
0011010111001000
0010110101001010
1010111011000011
0011000011101010
0010110100111111
0011000001000010
0011011000100011
1011000100101100
1011010010010011
1010101110111110
1011000010100001
1010101100011111
1011010110000001
1011000000010011
0010011110011110
1010111000001010
1010111110111000
0010011010000100
0011010010110001
1011000010010000
1011000001010011
1010111000110011
0011001000001001
1011000101001110
1010101000100010
0010100101010111
0010110110100111
0011100000111111
1010111011010010
0010100100111000
0011001110100000
0010110111010010
0010110110110110
1011000101010111
0011000011100110
1011000011101011
0010011111010010
1010101101010000
0010110110111001
1011000001101101
1010111110101101
0011010000001111
1011010011000010
0011000100011011
1011000000110100
0011000100001110
1010110111101111
0011010100010111
0010111111001001
1011010100100110
0011011011111000
0010101100000111
0010110110011101
0011000001100110
1010110101110111
0010010101011100
0011000101000011
1011000110000010
1010111101010010
1011001011000000
1010110111000011
0011000100111100
0011001111110010
0010100000111000
0010110100111100
1010110010000110
1010101110000000
1010111010010001
1010010010101100
1011000001000110
1011010010010010
1011000101011110
1011010001010100
0010111100000010
1010110101001111
1011000010101001
0011010111000100
1011010000010010
0011010000110000
0011100001000100
0011000001111010
1011001110111011
0011011101111111
1010110000010001
1011010111111011
1011000100100010
0011010111100110
1010111100011000
1010110000110110
1010100000110010
1010111001001010
1011000001100101
0010111100101000
0011001110110010
0010111000110111
1010100100100010
0010100001111110
0011000001111101
1011000001101111
1011001000000011
0011010001101010
1010101000000101
0010110001111100
0011001001111010
0011000100010000
0011000101000000
1010101100111010
1011000111111110
0010110011000110
1010110011111011
0011010010101101
1010110111010111
1011000001110100
1010111110001000
0011011000100010
0011000001101001
1011001000011010
1011000101001000
0011011111000010
0011001110011111
0011000101001111
0010100000010110
1010111000001111
0011001011011000
0011100000001001
