1011000110010100
1011100101000010
0011011011010100
0010111100110010
1011101010110000
1011011011110101
1011100000100100
1011000111110010
1011000011000101
1011100010101011
1010111111100000
0010101111111110
1001011101000000
1011011001110111
1011011011011001
0010110111010000
1011100000111011
0011100100011100
1010111010100111
1011010111001110
0011010001000010
1011000100000010
1011011101101100
0011001100001110
0011010010011011
0011011101110100
1011011000110110
0011011110110110
1010110101010000
0011010010010110
1011000010011010
1011101001010100
1011100001010111
1011000001101110
0011010110010110
0011000110001011
0010110011101100
0011000101000111
1011000110111100
1011010010100100
1011001011001111
1011100011101011
0011100000000000
1010010111010000
0010111011001100
0010010011100110
1011011100000001
1011011011100001
1010111110011100
0010111000000100
0011011101011100
1011011110100100
1011100011001110
1011100010100001
0010000010000000
0011010100001111
0011011101100001
0011010111101110
0011001100111010
1010010110010000
1010100011010011
1011000101101111
1011011100111110
0011011000111100
0011010001101101
1011001110111100
0011100001111101
0010110011001100
0011101001101100
1011011011101111
0011000000001000
1011100010111100
0011011010000100
0011011001110100
1011011011010111
0011010101010001
1011011000100000
1011100110001100
0011100000000100
1011010010000101
0011001101100011
1011100010111110
1011011001010010
0010100010110000
0011010001001101
1011010101000100
0011011011110010
0011001111001100
1011000010101010
1011000000010010
1011100010111001
1010101000101000
1010111100010100
1010100100110110
0011011001000010
0011100111001101
0011100010011111
1011101101011001
1011000010110000
1011100110101100
0011001010000100
1011000100011101
1011011000110010
1011000001000111
0011011001110110
0011011011010100
0011001100110101
0011011100010011
1011000010010000
0011100011100001
0011011000000001
1011100010010010
1011011000110010
0011010110101001
0010101110110000
1011011110110110
0011001000100000
0011011000011010
1011100011000110
0011011010101111
0011100110010101
1011011000101110
0011000000111011
0010000101010000
1011010001001010
0010110111101100
1011000010111101
0011100011101010
1011100010100000
0011101010011101
1010101000011100
1011101000100111
0011100011101110
0010110110001101
1011010001110101
1010100000010100
0011010100101100
1011010000111111
1011010111010100
0011100101001001
0011011100011001
1011100100011000
0011010101110011
0011011001101000
0011101000101011
0011010111011101
0011010100000110
1010111000011100
0011100110110000
1011011010000101
0010111101111010
1011001011000000
0011001110101111
0011011000110000
1011101001111010
0011011100001110
0010101100010100
1011011000111111
0011010101001001
1011100100000010
0011100011011001
0011010101111010
0011100011010101
1011010001111111
1010101001101100
0011100010110100
1011101000101110
1011011000011000
0011100000010011
0011100001001011
0010011110110000
1011010100110110
0011011001101000
0011011110011000
1011010111111010
1011101010110011
1011101010101001
1011010001111100
0011010110110010
1010100110100010
1011000010000011
0010010110010000
0010101011011000
0011010100100011
0001101100000000
0011000101100000
0011011000101110
1011011101100110
1011000100000010
1011001011001001
0011011000001010
0011101000110111
1001111010000000
0011001010001110
1010110100011010
1010111011100010
0011000001011010
1010111001110100
0011010110111111
0011010101001111
0010110111000000
0011100001111111
0011100010011111
1011011010011110
1010110101110100
0011010111101000
0001001000000000
1011001100000100
0011000011110111
1011100111010011
0011000001110010
1011011000110010
0010111100100100
0011010110010110
0011100101110100
1011010101001101
1011100010100001
1011100100111010
0011101000010100
1011011000101010
1011011110011000
1011010101101101
0010110001111010
1011011100110010
0010110110110100
1011100010010110
0011010011001011
0011010110101110
0011100010001110
0011101100001000
0011010101010000
1011100101100000
1011011110111000
0011011100100100
0011000010010111
0011011111100000
0011010110011010
1010000111010000
1011010001011110
0011001000101010
0011011011010010
1011011110101110
1011011011001100
0010101110101000
0011100100101101
1010110001011101
1011011011110101
1011000110101111
0010110000101100
0010110110100000
1011101100100010
1011100111000111
1011100101100000
1011011100111100
0011100010001010
0000000000000000
