0000000000000000
0000000000000000
0000000000000000
0000000000000000
0011010110011110
0011011001111111
0000000000000000
0000000000000000
0000000000000000
0000000000000000
0000000000000000
0000000000000000
0000000000000000
0010011110001000
0000000000000000
0000000000000000
0000000000000000
0011010001110010
0000000000000000
0011010011010110
0000000000000000
0000000000000000
0010010000111000
0000000000000000
0000000000000000
0011011110110010
0011010011001000
0011100000001011
0000000000000000
0011010000010010
0011010001001100
0011100011001010
0000000000000000
0000000000000000
0000000000000000
0000000000000000
0011001110110110
0000000000000000
0000000000000000
0011011000010110
0010111111000010
0011010001110110
0000000000000000
0010101111100000
0000000000000000
0000000000000000
0000000000000000
0011100100101000
0000000000000000
0010111010111010
0011011110001000
0001010000000000
0011010000001110
0000000000000000
0010110110111100
0011100011001101
0011011011001010
0011011101000000
0011001101100100
0000000000000000
0000000000000000
0011001010110010
0011100110111000
0000000000000000
0000000000000000
0011010110011000
0011100101100100
0011010010111101
0011100100011010
0011001111010000
0010111111101000
0000000000000000
0011101001100001
0000000000000000
0011100001010101
0011010001101010
0000000000000000
0011010010100010
0000000000000000
0000000000000000
0010100011100100
0000000000000000
0011100111100100
0000000000000000
0010111110110101
0011100000010000
0011100100111110
0011010001001101
0000000000000000
0000000000000000
0000000000000000
0000000000000000
0000000000000000
0011000011111000
0011100110011110
0000000000000000
0011101000001100
0011100000100100
0011011110010010
0000000000000000
0000000000000000
0000000000000000
0011011000010010
0000000000000000
0000000000000000
0000000000000000
0011000100111110
0011100000000011
0011000111101001
0011011100000110
0000000000000000
0011100011010001
0000000000000000
0000000000000000
0000000000000000
0011101100000111
0000000000000000
0000000000000000
0011011001001101
0011010010010010
0000000000000000
0011010101010110
0010100001001100
0000000000000000
0011010000111111
0000000000000000
0000000000000000
0011011101001111
0000000000000000
0011100000001010
0011000101100101
0000000000000000
0000000000000000
0000000000000000
0010110111110110
0011011011100010
0000000000000000
0000000000000000
0011100101101101
0000000000000000
0000000000000000
0011100010010011
0011100001001100
0000000000000000
0011011011001101
0010010101101000
0011011100000000
0010111101111100
0011101000011110
0000000000000000
0011000001001000
0011000100010010
0010110101000001
0000000000000000
0011010111011001
0011100101100000
0000000000000000
0011011010110110
0011010100000001
0000000000000000
0011011011111011
0000000000000000
0011100011111000
0000000000000000
0011010101011000
0000000000000000
0000000000000000
0011101010000101
0000000000000000
0000000000000000
0011001011011010
0000000000000000
0011011010110111
0000000000000000
0011101101101110
0011101010110010
0000000000000000
0000000000000000
0000000000000000
0000000000000000
0000000000000000
0011010101110110
0011011111110100
0011100001000000
0010010001000000
0011010100100000
0011001011110110
0011100101000011
0010111001000111
0000000000000000
0000000000000000
0000000000000000
0000000000000000
0000000000000000
0000000000000000
0011000010000111
0011010111001000
0000000000000000
0010000100100000
0000000000000000
0011100000100010
0011100101011110
0011010110001000
0011101011101110
0000000000000000
0000000000000000
0000000000000000
0000000000000000
0011001001010000
0000000000000000
0011000111001101
0000000000000000
0010011101001100
0011100100111010
0011010111110100
0010011110100000
0011100011010110
0000000000000000
0000000000000000
0000000000000000
0011101000100000
0010110001111100
0000000000000000
0000000000000000
0011100000110101
0000000000000000
0011100111000010
0000000000000000
0011100111111110
0011101101110010
0011011001011001
0011011110110001
0011001001000101
0010010011101000
0000000000000000
0011101001101100
0011100000010001
0000000000000000
0000000000000000
0000000000000000
0000000000000000
0011100010100001
0011010101110110
0010100001011010
0011100011110110
0000000000000000
0011011101110000
0000000000000000
0011001011011000
0010101111101000
0000000000000000
0011001001010110
0000000000000000
0000000000000000
0000000000000000
0000000000000000
