0000000000000000
0010111010011011
0000000000000000
0011010100111011
0000000000000000
0000000000000000
0000000000000000
0011000010000010
0000000000000000
0011011100111011
0011011100111010
0000000000000000
0000000000000000
0000000000000000
0011010110001001
0000000000000000
0000000000000000
0000000000000000
0000000000000000
0000000000000000
0000000000000000
0011001001101110
0000000000000000
0011000101001000
0000000000000000
0011000100010011
0000000000000000
0011010001011010
0000000000000000
0010011101010000
0011010110010010
0000000000000000
0010111000101111
0000000000000000
0011010010011001
0011011010101101
0000000000000000
0000000000000000
0011010000000111
0000000000000000
0000000000000000
0000000000000000
0000000000000000
0010101100111011
0011010110000101
0011001110101011
0011010111010101
0011010001001011
0000000000000000
0000000000000000
0000000000000000
0000000000000000
0000000000000000
0000000000000000
0000000000000000
0011000011110100
0011001100010111
0000000000000000
0000000000000000
0000000000000000
0000000000000000
0000000000000000
0010010101111000
0010011110001000
0000000000000000
0011000000001110
0010111111011100
0011001111110110
0000000000000000
0000000000000000
0000000000000000
0000000000000000
0010111101110010
0011000001000011
0000000000000000
0000000000000000
0000000000000000
0000000000000000
0000000000000000
0010100011111101
0011001000000001
0010010101001101
0000000000000000
0011010011001100
0000000000000000
0011000010011100
0011001111010100
0000000000000000
0010110000010010
0011001111101010
0011011100110010
0000000000000000
0011011111101111
0000000000000000
0000000000000000
0011010101100000
0000000000000000
0010101010000111
0000000000000000
0000000000000000
0000000000000000
0000000000000000
0000000000000000
0000000000000000
0011010001001110
0011010011111100
0010111100000010
0000000000000000
0000000000000000
0000000000000000
0011001110011010
0000000000000000
0011000110010101
0000000000000000
0000000000000000
0011011001110011
0011000110100011
0011011000101101
0000000000000000
0011100001100011
0000000000000000
0000000000000000
0010111011010010
0010011111110001
0000000000000000
0000000000000000
0000000000000000
0010110010110011
0011000010100101
0011010100111111
0000000000000000
0011010110010001
0010111110100111
0000000000000000
0011000011111000
0010110100011110
0011000000101000
0011010111000101
0000000000000000
0000000000000000
0000000000000000
0000000000000000
0000000000000000
0000000000000000
0000000000000000
0010011110011001
0000000000000000
0000000000000000
0010100101000111
0011010010101000
0000000000000000
0000000000000000
0000000000000000
0011000110100101
0000000000000000
0010010110111000
0010100001000000
0010100001111110
0011100000000010
0000000000000000
0010101110011100
0011010000001001
0010101001010011
0011000001001110
0000000000000000
0011000011010110
0000000000000000
0010110010011100
0000000000000000
0010111100000110
0000000000000000
0000000000000000
0011001101000100
0000000000000000
0011000010100000
0000000000000000
0011000011110111
0000000000000000
0011010001001011
0011000010110110
0000000000000000
0011011100000010
0010110101100001
0010111011000110
0011000101110010
0000000000000000
0000000000000000
0011000011000001
0000000000000000
0000000000000000
0000000000000000
0000000000000000
0011000100111001
0011001100101001
0010110011001010
0010110001110001
0000000000000000
0000000000000000
0000000000000000
0010000011100000
0000000000000000
0000000000000000
0000000000000000
0000000000000000
0010110111000100
0000000000000000
0000000000000000
0011010111011100
0000000000000000
0011001111010000
0011100000111101
0010111110001000
0000000000000000
0011011110111000
0000000000000000
0000000000000000
0000000000000000
0011011000000111
0000000000000000
0000000000000000
0000000000000000
0000000000000000
0000000000000000
0011000001110010
0011001111010000
0010111000101001
0000000000000000
0010100000000100
0011000011110111
0000000000000000
0000000000000000
0011010000101101
0000000000000000
0010110010010000
0011001001111100
0011000001100101
0011001000001101
0000000000000000
0000000000000000
0010101101100100
0000000000000000
0011010011101011
0000000000000000
0000000000000000
0000000000000000
0011010110001000
0011000111111100
0000000000000000
0000000000000000
0011011111010110
0011010000110011
0011000111101110
0010011011001011
0000000000000000
0011001110001010
0011100000001100
